[gd_scene load_steps=7 format=3 uid="uid://bpthkepfib26h"]

[ext_resource type="Script" uid="uid://cv7c8r5hwjvfc" path="res://scripts/enemies/enemy_cell_bat_skin.gd" id="1_7k4jx"]
[ext_resource type="ArrayMesh" uid="uid://dfswurulv0vpc" path="res://assets/enemy/CellBatMesh.tres" id="2_7k4jx"]

[sub_resource type="Skin" id="Skin_n7qb5"]
resource_name = "Skin"
bind_count = 42
bind/0/name = &"Root"
bind/0/bone = -1
bind/0/pose = Transform3D(1, 0, 0, 0, 1, 0, 0, 0, 1, 0, 0, 0)
bind/1/name = &"Jaw"
bind/1/bone = -1
bind/1/pose = Transform3D(1, 1.687019e-07, 1.6847231e-07, -5.684344e-14, -0.706625, 0.7075883, 2.384183e-07, -0.7075883, -0.70662534, -1.433176e-07, 1.1833758, 0.6011187)
bind/2/name = &"Lid"
bind/2/bone = -1
bind/2/pose = Transform3D(-1, -2.657786e-07, 5.688019e-07, -5.6843426e-14, 0.9059768, 0.4233275, -6.278323e-07, 0.42332715, -0.905977, 5.7361405e-07, -1.115468, -0.9136417)
bind/3/name = &"Tongue1"
bind/3/bone = -1
bind/3/pose = Transform3D(1, 1.0686373e-06, -5.282953e-07, -1.7053031e-13, 0.4431669, 0.89643943, 1.1920913e-06, -0.8964391, 0.4431668, -1.3020979e-06, -0.3038003, 1.0922804)
bind/4/name = &"Tongue2"
bind/4/bone = -1
bind/4/pose = Transform3D(1, 1.6551415e-06, -2.1401608e-07, -5.6843446e-14, 0.12823641, 0.99174404, 1.6689208e-06, -0.99174374, 0.12823617, -2.0279017e-06, -0.17575413, 1.2150977)
bind/5/name = &"Tongue3"
bind/5/bone = -1
bind/5/pose = Transform3D(1, 1.8538277e-06, 4.486578e-07, -2.8421726e-14, -0.2352259, 0.9719411, 1.9073464e-06, -0.9719409, -0.23522621, -2.5281695e-06, -0.063089706, 1.3254907)
bind/6/name = &"Tongue4"
bind/6/bone = -1
bind/6/pose = Transform3D(1, 2.2967997e-06, 1.2660072e-06, 0, -0.48272836, 0.8757703, 2.6226053e-06, -0.87577015, -0.48272875, -3.6230977e-06, -0.027720818, 1.3814878)
bind/7/name = &"Tongue5"
bind/7/bone = -1
bind/7/pose = Transform3D(1, 7.518401e-07, 5.8671316e-07, -8.526516e-14, -0.6152126, 0.7883614, 9.536745e-07, -0.78836125, -0.61521304, -1.351425e-06, -0.112083115, 1.4170713)
bind/8/name = &"Antenna1"
bind/8/bone = -1
bind/8/pose = Transform3D(1, -1.8403567e-07, -1.6132972e-07, 7.8449105e-09, 0.6829601, -0.7304558, 2.4461136e-07, 0.7304555, 0.6829602, 0.37628782, -1.2159201, -0.6657075)
bind/9/name = &"Antenna2"
bind/9/bone = -1
bind/9/pose = Transform3D(1, -1.7415438e-07, -1.6283052e-07, 4.973799e-14, 0.6829599, -0.730456, 2.384185e-07, 0.73045564, 0.68296, 0.37628776, -1.64755, -0.665708)
bind/10/name = &"Antenna3"
bind/10/bone = -1
bind/10/pose = Transform3D(1, -1.8146109e-07, -1.5464616e-07, 4.973799e-14, 0.648632, -0.7611023, 2.3841856e-07, 0.761102, 0.6486321, 0.37628782, -2.0463524, -0.76065636)
bind/11/name = &"Antenna4"
bind/11/bone = -1
bind/11/pose = Transform3D(1, -1.873444e-07, -1.4746402e-07, 8.526512e-14, 0.6185079, -0.7857786, 2.3841855e-07, 0.7857782, 0.61850804, 0.3762878, -2.5268161, -0.85968524)
bind/12/name = &"R.Forearm1"
bind/12/bone = -1
bind/12/pose = Transform3D(0.5767362, -0.039113164, -0.8159939, -0.81498116, 0.0414181, -0.5780059, 0.056404475, 0.99837613, -0.007988901, -0.12436578, -0.36529517, -0.9213874)
bind/13/name = &"R.Forearm2"
bind/13/bone = -1
bind/13/pose = Transform3D(-0.024205165, -0.050041165, -0.9984542, -0.9002173, 0.4354416, 3.5390283e-08, 0.43476832, 0.8988252, -0.05558763, -0.37158692, -0.68102306, -0.7329361)
bind/14/name = &"R.Forearm3"
bind/14/bone = -1
bind/14/pose = Transform3D(-0.04589437, -0.025448164, -0.99862236, -0.48493376, 0.8745512, 2.4773195e-07, 0.8733461, 0.4842654, -0.052477535, -0.40884024, -1.1709069, -0.0662731)
bind/15/name = &"R.Wing4"
bind/15/bone = -1
bind/15/pose = Transform3D(-0.030721057, -0.04777226, -0.99838597, -0.841096, 0.5408862, 1.732261e-07, 0.5400129, 0.8397381, -0.05679744, -0.3661519, -1.3781165, -0.81330657)
bind/16/name = &"R.Middle1"
bind/16/bone = -1
bind/16/pose = Transform3D(0.016128173, -0.050844662, -0.9985766, -0.9531945, -0.30235806, -5.0291444e-08, -0.30192775, 0.9518376, -0.053341072, -0.3206663, -0.54989785, -1.7162099)
bind/17/name = &"R.Index1"
bind/17/bone = -1
bind/17/pose = Transform3D(-0.0065826885, -0.05474124, -0.9984791, -0.99284756, 0.119391, 5.5413725e-08, 0.11920928, 0.99133724, -0.055135347, -0.3331083, -1.1952677, -1.4356081)
bind/18/name = &"R.Index2"
bind/18/bone = -1
bind/18/pose = Transform3D(0.0082534235, -0.05243724, -0.99859035, -0.9878389, -0.15548198, -1.9557785e-08, -0.15526296, 0.98644614, -0.053082533, -0.31575945, -1.1548843, -1.8167932)
bind/19/name = &"R.Pinky1"
bind/19/bone = -1
bind/19/pose = Transform3D(0.063615344, 0.0006217551, -0.9979745, 0.009773491, -0.9999524, -2.575108e-07, -0.9979267, -0.009753578, -0.063618384, -0.35847664, 1.3790451, -0.8488773)
bind/20/name = &"R.Pinky2"
bind/20/bone = -1
bind/20/pose = Transform3D(0.07359397, 9.782418e-05, -0.9972885, 0.0013293561, -0.99999934, -2.687522e-07, -0.99728745, -0.0013256363, -0.07359403, -0.34931558, 1.0507286, -0.8612974)
bind/21/name = &"R.Ring1"
bind/21/bone = -1
bind/21/pose = Transform3D(0.04741349, -0.030517979, -0.99840933, -0.5412325, -0.84087306, -1.9930312e-07, -0.83953524, 0.54037166, -0.05638588, -0.3222332, 0.65107566, -1.5967463)
bind/22/name = &"R.Ring2"
bind/22/bone = -1
bind/22/pose = Transform3D(0.043206055, -0.026437374, -0.9987166, -0.5219338, -0.85298604, -2.1420429e-07, -0.8518911, 0.521264, -0.050652556, -0.33179554, 0.3643672, -1.5869853)
bind/23/name = &"R.Middle2"
bind/23/bone = -1
bind/23/pose = Transform3D(0.018361334, -0.053269103, -0.99841166, -0.94541305, -0.32587445, -6.8917906e-08, -0.3253569, 0.9439114, -0.056344528, -0.3142834, -0.85230315, -1.7387698)
bind/24/name = &"R.RollTarget"
bind/24/bone = -1
bind/24/pose = Transform3D(0.016128173, -0.050844613, -0.9985766, -0.95319456, -0.30235803, -5.4948064e-08, -0.30192778, 0.9518376, -0.053341027, -0.32066634, -0.54989797, -1.7162099)
bind/25/name = &"L.Forearm1"
bind/25/bone = -1
bind/25/pose = Transform3D(0.57673603, 0.039113123, 0.81599396, 0.81498086, 0.041418307, -0.5780056, -0.05640476, 0.998376, -0.007988768, 0.12436588, -0.3652953, -0.92138696)
bind/26/name = &"L.Forearm2"
bind/26/bone = -1
bind/26/pose = Transform3D(-0.024205336, 0.050041094, 0.9984541, 0.90021694, 0.4354416, 2.5145715e-07, -0.43476838, 0.89882505, -0.055587657, 0.37158698, -0.6810229, -0.7329359)
bind/27/name = &"L.Forearm3"
bind/27/bone = -1
bind/27/pose = Transform3D(-0.04589437, 0.025448164, 0.9986223, 0.48493347, 0.8745511, 2.5518244e-07, -0.87334603, 0.48426515, -0.052477576, 0.40884012, -1.1709065, -0.06627292)
bind/28/name = &"L.Wing4"
bind/28/bone = -1
bind/28/pose = Transform3D(-0.030721053, 0.047772262, 0.9983859, 0.84109586, 0.54088616, 1.9744041e-07, -0.54001296, 0.839738, -0.05679747, 0.36615178, -1.3781163, -0.8133065)
bind/29/name = &"L.Middle1"
bind/29/bone = -1
bind/29/pose = Transform3D(0.016128188, 0.050844654, 0.9985765, 0.9531944, -0.30235803, -1.9557776e-08, 0.3019277, 0.95183736, -0.053341065, 0.32066622, -0.5498978, -1.7162095)
bind/30/name = &"L.Index1"
bind/30/bone = -1
bind/30/pose = Transform3D(-0.006582688, 0.054741234, 0.99847907, 0.9928474, 0.1193909, 1.0384248e-07, -0.11920926, 0.991337, -0.055135358, 0.33310816, -1.1952673, -1.4356079)
bind/31/name = &"L.Index2"
bind/31/bone = -1
bind/31/pose = Transform3D(0.008253426, 0.05243724, 0.9985903, 0.9878389, -0.15548198, 2.7939683e-08, 0.15526293, 0.9864459, -0.053082533, 0.31575933, -1.1548842, -1.8167928)
bind/32/name = &"L.Pinky1"
bind/32/bone = -1
bind/32/pose = Transform3D(0.06361534, -0.0006217549, 0.99797446, -0.009773399, -0.9999522, -2.5989723e-07, 0.9979266, -0.009753517, -0.06361833, 0.35847655, 1.3790449, -0.84887725)
bind/33/name = &"L.Pinky2"
bind/33/bone = -1
bind/33/pose = Transform3D(0.07359397, -9.782422e-05, 0.99728847, -0.0013293268, -0.99999917, -2.6695494e-07, 0.99728733, -0.0013256358, -0.07359399, 0.3493155, 1.0507286, -0.86129737)
bind/34/name = &"L.Ring1"
bind/34/bone = -1
bind/34/pose = Transform3D(0.04741348, 0.030517973, 0.9984093, 0.5412327, -0.84087276, -1.899898e-07, 0.83953494, 0.54037166, -0.05638584, 0.32223308, 0.6510752, -1.5967461)
bind/35/name = &"L.Ring2"
bind/35/bone = -1
bind/35/pose = Transform3D(0.043206055, 0.026437368, 0.99871653, 0.52193385, -0.8529858, -1.9930305e-07, 0.851891, 0.52126396, -0.050652523, 0.3317954, 0.36436707, -1.5869852)
bind/36/name = &"L.Middle2"
bind/36/bone = -1
bind/36/pose = Transform3D(0.018361332, 0.0532691, 0.9984116, 0.94541293, -0.32587442, -2.6077034e-08, 0.3253568, 0.94391114, -0.056344524, 0.3142833, -0.8523029, -1.7387694)
bind/37/name = &"L.RollTarget"
bind/37/bone = -1
bind/37/pose = Transform3D(0.01612818, 0.05084461, 0.9985766, 0.95319444, -0.3023581, -2.0489102e-08, 0.30192778, 0.95183736, -0.053341016, 0.32066628, -0.5498977, -1.7162095)
bind/38/name = &"TongueIK"
bind/38/bone = -1
bind/38/pose = Transform3D(1, 7.1841686e-07, 6.271895e-07, -2.842172e-13, -0.65765756, 0.7533171, 9.536719e-07, -0.7533171, -0.657658, -1.3712478e-06, -0.3382788, 1.4378623)
bind/39/name = &"R.WingIK"
bind/39/bone = -1
bind/39/pose = Transform3D(0.809017, -0.58778524, 0, 0, 0, -1, 0.58778524, 0.809017, 0, 1.6058782, -0.4117543, -0.70111877)
bind/40/name = &"L.WingIK"
bind/40/bone = -1
bind/40/pose = Transform3D(0.809017, 0.58778524, 0, 0, 0, -1, -0.58778524, 0.809017, 0, -1.6058782, -0.4117543, -0.70111877)
bind/41/name = &"AntennaIK"
bind/41/bone = -1
bind/41/pose = Transform3D(1, -1.8632649e-07, -1.4874806e-07, -7.1054274e-15, 0.62389386, -0.7815091, 2.3841886e-07, 0.7815091, 0.6238939, 0.37628785, -3.0657396, -0.83863544)

[sub_resource type="Animation" id="Animation_6l6a5"]
resource_name = "Idle"
length = 0.8666667
loop_mode = 1
tracks/0/type = "rotation_3d"
tracks/0/imported = true
tracks/0/enabled = true
tracks/0/path = NodePath("Armature/Skeleton3D:Root")
tracks/0/interp = 0
tracks/0/loop_wrap = true
tracks/0/keys = PackedFloat32Array(0, 1, 0, 0.34202015, 0, 0.9396926, 0.06666667, 1, 0, 0.34202015, 0, 0.9396926, 0.1, 1, -0.0049245316, 0.34198478, 0.013530039, 0.9395952, 0.13333334, 1, -0.0049245316, 0.34198478, 0.013530039, 0.9395952, 0.16666667, 1, -0.009532483, 0.34188738, 0.026190279, 0.93932754, 0.23333333, 1, -0.009532483, 0.34188738, 0.026190279, 0.93932754, 0.26666668, 1, -0.008627302, 0.34191126, 0.02370332, 0.9393937, 0.3, 1, -0.008627302, 0.34191126, 0.02370332, 0.9393937, 0.33333334, 1, -0.0015988925, 0.3420165, 0.0043929215, 0.9396824, 0.36666667, 1, -0.0015988925, 0.3420165, 0.0043929215, 0.9396824, 0.4, 1, 0.0046808296, 0.34198815, -0.012860476, 0.93960464, 0.43333334, 1, 0.0046808296, 0.34198815, -0.012860476, 0.93960464, 0.46666667, 1, 0.009466797, 0.3418892, -0.026009815, 0.93933266, 0.53333336, 1, 0.009466797, 0.3418892, -0.026009815, 0.93933266, 0.56666666, 1, 0.011578265, 0.34182417, -0.031811014, 0.939154, 0.6, 1, 0.011578265, 0.34182417, -0.031811014, 0.939154, 0.6333333, 1, 0.007875193, 0.34192953, -0.021636916, 0.93944347, 0.7, 1, 0.007875193, 0.34192953, -0.021636916, 0.93944347, 0.73333335, 1, 0.004154478, 0.34199494, -0.011414341, 0.9396233, 0.76666665, 1, 0.004154478, 0.34199494, -0.011414341, 0.9396233, 0.8, 1, -0.0017034222, 0.34201592, 0.004680112, 0.939681, 0.8333333, 1, -0.0017034222, 0.34201592, 0.004680112, 0.939681, 0.8666667, 1, 0, 0.34202015, 0, 0.9396926)
tracks/1/type = "position_3d"
tracks/1/imported = true
tracks/1/enabled = true
tracks/1/path = NodePath("Armature/Skeleton3D:Jaw")
tracks/1/interp = 1
tracks/1/loop_wrap = true
tracks/1/keys = PackedFloat32Array(0, 1, -1.9899126e-08, 1.3200364, -0.41257712, 0.06666667, 1, -1.9899126e-08, 1.3200364, -0.41257712, 0.1, 1, 0.002133623, 1.4459901, -0.4107869, 0.13333334, 1, 0.002133623, 1.4459901, -0.4107869, 0.16666667, 1, 0.0021336102, 1.4995278, -0.41078684, 0.23333333, 1, 0.0021336102, 1.4995278, -0.41078684, 0.26666668, 1, 0.0021335776, 1.538521, -0.41078678, 0.3, 1, 0.0021335776, 1.538521, -0.41078678, 0.33333334, 1, 0.0021336183, 1.4459902, -0.410787, 0.36666667, 1, 0.0021336183, 1.4459902, -0.410787, 0.4, 1, -2.3106368e-09, 1.3200368, -0.41257718, 0.43333334, 1, -2.3106368e-09, 1.3200368, -0.41257718, 0.46666667, 1, -1.2914194e-08, 1.2835212, -0.4125771, 0.53333336, 1, -1.2914194e-08, 1.2835212, -0.4125771, 0.56666666, 1, 0.0021336416, 1.44599, -0.4107869, 0.6, 1, 0.0021336416, 1.44599, -0.4107869, 0.6333333, 1, 0.0021336102, 1.4995279, -0.4107868, 0.7, 1, 0.0021336102, 1.4995279, -0.4107868, 0.73333335, 1, 0.0021335832, 1.5385209, -0.41078678, 0.76666665, 1, 0.0021335832, 1.5385209, -0.41078678, 0.8, 1, 0.0021335923, 1.4459901, -0.41078684, 0.8333333, 1, 0.0021335923, 1.4459901, -0.41078684, 0.8666667, 1, -1.9899126e-08, 1.3200364, -0.41257712)
tracks/2/type = "rotation_3d"
tracks/2/imported = true
tracks/2/enabled = true
tracks/2/path = NodePath("Armature/Skeleton3D:Lid")
tracks/2/interp = 1
tracks/2/loop_wrap = true
tracks/2/keys = PackedFloat32Array(0, 1, -3.748449e-07, -0.5741757, 0.81873214, 1.2275906e-07, 0.06666667, 1, -3.748449e-07, -0.5741757, 0.81873214, 1.2275906e-07, 0.1, 1, -3.4715336e-07, -0.5623953, 0.82686853, 1.00832494e-07, 0.13333334, 1, -3.4715336e-07, -0.5623953, 0.82686853, 1.00832494e-07, 0.16666667, 1, -3.7533658e-07, -0.524868, 0.85118365, 1.3046613e-07, 0.23333333, 1, -3.7533658e-07, -0.524868, 0.85118365, 1.3046613e-07, 0.26666668, 1, -3.600299e-07, -0.5744081, 0.8185691, 1.0523399e-07, 0.3, 1, -3.600299e-07, -0.5744081, 0.8185691, 1.0523399e-07, 0.33333334, 1, -3.860652e-07, -0.62788886, 0.778303, 8.383379e-08, 0.36666667, 1, -3.860652e-07, -0.62788886, 0.778303, 8.383379e-08, 0.4, 1, -3.687776e-07, -0.66099125, 0.7503936, 6.792881e-08, 0.43333334, 1, -3.687776e-07, -0.66099125, 0.7503936, 6.792881e-08, 0.46666667, 1, -3.884683e-07, -0.7034573, 0.7107376, 5.325794e-08, 0.53333336, 1, -3.884683e-07, -0.7034573, 0.7107376, 5.325794e-08, 0.56666666, 1, -3.8247103e-07, -0.7446682, 0.66743493, 2.5149994e-08, 0.6, 1, -3.8247103e-07, -0.7446682, 0.66743493, 2.5149994e-08, 0.6333333, 1, -3.8712028e-07, -0.71201694, 0.7021624, 4.91441e-08, 0.7, 1, -3.8712028e-07, -0.71201694, 0.7021624, 4.91441e-08, 0.73333335, 1, -3.9875982e-07, -0.66865844, 0.74356973, 7.065755e-08, 0.76666665, 1, -3.9875982e-07, -0.66865844, 0.74356973, 7.065755e-08, 0.8, 1, -3.6072512e-07, -0.61407477, 0.7892479, 9.3351176e-08, 0.8333333, 1, -3.6072512e-07, -0.61407477, 0.7892479, 9.3351176e-08, 0.8666667, 1, -3.748449e-07, -0.5741757, 0.81873214, 1.2275906e-07)
tracks/3/type = "rotation_3d"
tracks/3/imported = true
tracks/3/enabled = true
tracks/3/path = NodePath("Armature/Skeleton3D:Tongue1")
tracks/3/interp = 1
tracks/3/loop_wrap = true
tracks/3/keys = PackedFloat32Array(0, 1, -0.648353, 3.6369764e-07, -4.7114335e-07, 0.7613399, 0.06666667, 1, -0.648353, 3.6369764e-07, -4.7114335e-07, 0.7613399, 0.1, 1, -0.62534475, -1.2804413e-05, 0.0003162158, 0.78034854, 0.13333334, 1, -0.62534475, -1.2804414e-05, 0.0003162158, 0.7803486, 0.16666667, 1, -0.6332113, -1.3073861e-05, 0.00031570074, 0.77397895, 0.23333333, 1, -0.6332113, -1.3073861e-05, 0.00031570074, 0.77397895, 0.26666668, 1, -0.68017316, -5.6464814e-05, 0.00029811618, 0.7330514, 0.3, 1, -0.68017316, -5.6464814e-05, 0.00029811618, 0.7330514, 0.33333334, 1, -0.71345776, -6.9317924e-05, 0.00029888874, 0.7006982, 0.36666667, 1, -0.71345776, -6.9317924e-05, 0.00029888874, 0.7006982, 0.4, 1, -0.6413887, 3.3413653e-07, -4.7813353e-07, 0.7672161, 0.43333334, 1, -0.6413887, 3.3413653e-07, -4.7813353e-07, 0.7672161, 0.46666667, 1, -0.6632806, 3.7482278e-07, -5.152346e-07, 0.74837077, 0.53333336, 1, -0.6632806, 3.7482278e-07, -5.152346e-07, 0.74837077, 0.56666666, 1, -0.65469533, -5.7277637e-05, 0.0003194612, 0.7558928, 0.6, 1, -0.65469533, -5.7277637e-05, 0.0003194612, 0.7558928, 0.6333333, 1, -0.62750125, -7.015814e-06, 0.00031408598, 0.77861553, 0.7, 1, -0.62750125, -7.015814e-06, 0.00031408598, 0.77861553, 0.73333335, 1, -0.7168603, -9.4731404e-05, 0.00029081161, 0.6972168, 0.76666665, 1, -0.7168603, -9.4731404e-05, 0.00029081161, 0.6972168, 0.8, 1, -0.69897795, -5.6009038e-05, 0.00030212713, 0.7151432, 0.8333333, 1, -0.69897795, -5.6009038e-05, 0.00030212713, 0.7151432, 0.8666667, 1, -0.648353, 3.6369764e-07, -4.7114335e-07, 0.7613399)
tracks/4/type = "rotation_3d"
tracks/4/imported = true
tracks/4/enabled = true
tracks/4/path = NodePath("Armature/Skeleton3D:Tongue2")
tracks/4/interp = 1
tracks/4/loop_wrap = true
tracks/4/keys = PackedFloat32Array(0, 1, 0.15159029, 2.3815032e-07, 1.7545774e-07, 0.98844343, 0.06666667, 1, 0.15159029, 2.3815034e-07, 1.7545774e-07, 0.9884435, 0.1, 1, 0.1612031, -0.00016109555, 0.00022604555, 0.9869212, 0.13333334, 1, 0.1612031, -0.00016109555, 0.00022604555, 0.9869212, 0.16666667, 1, 0.15501158, -0.00016122538, 0.00022540164, 0.9879126, 0.23333333, 1, 0.15501158, -0.00016122538, 0.00022540164, 0.9879126, 0.26666668, 1, 0.14303271, -0.00017738761, 0.00022876602, 0.98971796, 0.3, 1, 0.14303271, -0.00017738761, 0.00022876602, 0.98971796, 0.33333334, 1, 0.12338726, -0.0001942287, 0.00021938325, 0.99235857, 0.36666667, 1, 0.12338726, -0.0001942287, 0.00021938325, 0.99235857, 0.4, 1, 0.17003644, 2.3211638e-07, 2.3187924e-07, 0.9854378, 0.43333334, 1, 0.17003644, 2.3211638e-07, 2.3187924e-07, 0.9854378, 0.46666667, 1, 0.18050763, 2.331747e-07, 2.3218334e-07, 0.9835736, 0.53333336, 1, 0.18050763, 2.331747e-07, 2.3218334e-07, 0.9835736, 0.56666666, 1, 0.18738098, -0.00019958327, 0.00023126716, 0.9822873, 0.6, 1, 0.18738098, -0.00019958327, 0.00023126716, 0.9822873, 0.6333333, 1, 0.14530176, -0.00015611984, 0.00022277996, 0.9893874, 0.7, 1, 0.14530176, -0.00015611984, 0.00022277996, 0.9893874, 0.73333335, 1, 0.13498881, -0.00020009822, 0.00022808943, 0.9908471, 0.76666665, 1, 0.13498881, -0.00020009822, 0.00022808943, 0.9908471, 0.8, 1, 0.12966785, -0.00018531634, 0.00022261332, 0.9915575, 0.8333333, 1, 0.12966785, -0.00018531636, 0.00022261334, 0.99155754, 0.8666667, 1, 0.15159029, 2.3815032e-07, 1.7545774e-07, 0.98844343)
tracks/5/type = "rotation_3d"
tracks/5/imported = true
tracks/5/enabled = true
tracks/5/path = NodePath("Armature/Skeleton3D:Tongue3")
tracks/5/interp = 1
tracks/5/loop_wrap = true
tracks/5/keys = PackedFloat32Array(0, 1, 0.23060828, 1.1493026e-07, 3.941927e-07, 0.97304666, 0.06666667, 1, 0.2306083, 1.14930266e-07, 3.9419274e-07, 0.9730467, 0.1, 1, 0.22110407, -8.743896e-05, 0.00019253792, 0.97525024, 0.13333334, 1, 0.22110407, -8.743896e-05, 0.00019253792, 0.97525024, 0.16666667, 1, 0.21900918, -8.763504e-05, 0.00019206558, 0.9757228, 0.23333333, 1, 0.21900918, -8.763504e-05, 0.00019206558, 0.9757228, 0.26666668, 1, 0.25510612, -9.887598e-05, 0.00022151071, 0.96691304, 0.3, 1, 0.25510612, -9.8875986e-05, 0.00022151072, 0.9669131, 0.33333334, 1, 0.2640797, -0.00011419789, 0.00022071699, 0.96450084, 0.36666667, 1, 0.2640797, -0.00011419789, 0.00022071699, 0.96450084, 0.4, 1, 0.25543427, 1.1490277e-07, 4.6123586e-07, 0.96682644, 0.43333334, 1, 0.25543427, 1.1490277e-07, 4.6123586e-07, 0.96682644, 0.46666667, 1, 0.3005229, 1.2486556e-07, 5.208845e-07, 0.9537746, 0.53333336, 1, 0.3005229, 1.2486556e-07, 5.208845e-07, 0.9537746, 0.56666666, 1, 0.30279535, -0.00011736488, 0.00022401579, 0.95305556, 0.6, 1, 0.30279535, -0.00011736488, 0.00022401579, 0.95305556, 0.6333333, 1, 0.19607832, -8.412472e-05, 0.00018613148, 0.98058826, 0.7, 1, 0.19607832, -8.412472e-05, 0.00018613148, 0.98058826, 0.73333335, 1, 0.2907962, -0.000116310584, 0.00024364729, 0.95678496, 0.76666665, 1, 0.2907962, -0.000116310584, 0.00024364729, 0.95678496, 0.8, 1, 0.2552175, -0.00010661248, 0.00021562423, 0.96688366, 0.8333333, 1, 0.2552175, -0.00010661248, 0.00021562423, 0.96688366, 0.8666667, 1, 0.23060831, 1.1493027e-07, 3.9419277e-07, 0.9730468)
tracks/6/type = "rotation_3d"
tracks/6/imported = true
tracks/6/enabled = true
tracks/6/path = NodePath("Armature/Skeleton3D:Tongue4")
tracks/6/interp = 1
tracks/6/loop_wrap = true
tracks/6/keys = PackedFloat32Array(0, 1, 0.19396847, 3.4162542e-07, 4.5923795e-07, 0.98100775, 0.06666667, 1, 0.19396847, 3.4162542e-07, 4.5923795e-07, 0.98100775, 0.1, 1, 0.17908986, -3.090571e-05, 0.00013795502, 0.9838327, 0.23333333, 1, 0.17896657, -3.0990886e-05, 0.00013773447, 0.9838551, 0.26666668, 1, 0.22670533, -3.604069e-05, 0.00016846284, 0.9739634, 0.3, 1, 0.22670533, -3.604069e-05, 0.00016846284, 0.9739634, 0.33333334, 1, 0.24576959, -4.3284213e-05, 0.00017322856, 0.9693283, 0.36666667, 1, 0.24576959, -4.3284213e-05, 0.00017322856, 0.9693283, 0.4, 1, 0.21621534, 3.4163995e-07, 5.0017815e-07, 0.9763458, 0.43333334, 1, 0.21621534, 3.4163995e-07, 5.0017815e-07, 0.9763458, 0.46666667, 1, 0.26566866, 3.3835266e-07, 5.5766145e-07, 0.9640644, 0.6, 1, 0.26576656, -4.437355e-05, 0.00017325889, 0.9640374, 0.6333333, 1, 0.1560164, -2.9515426e-05, 0.00013199855, 0.98775446, 0.7, 1, 0.1560164, -2.9515426e-05, 0.00013199855, 0.98775446, 0.73333335, 1, 0.2735318, -4.4016513e-05, 0.00019420624, 0.96186304, 0.76666665, 1, 0.27353176, -4.401651e-05, 0.00019420622, 0.961863, 0.8, 1, 0.23220988, -3.967199e-05, 0.00016565114, 0.97266567, 0.8333333, 1, 0.23220988, -3.967199e-05, 0.00016565114, 0.97266567, 0.8666667, 1, 0.19396847, 3.4162542e-07, 4.5923795e-07, 0.98100775)
tracks/7/type = "rotation_3d"
tracks/7/imported = true
tracks/7/enabled = true
tracks/7/path = NodePath("Armature/Skeleton3D:Tongue5")
tracks/7/interp = 1
tracks/7/loop_wrap = true
tracks/7/keys = PackedFloat32Array(0, 1, 0.11963092, -8.340721e-07, 1.8512134e-07, 0.9928184, 0.06666667, 1, 0.11963092, -8.340721e-07, 1.8512134e-07, 0.9928184, 0.1, 1, 0.10929893, -6.7571573e-06, 7.0887225e-05, 0.99400896, 0.23333333, 1, 0.109669454, -6.767023e-06, 7.082141e-05, 0.9939681, 0.26666668, 1, 0.14162096, -7.905476e-06, 8.936581e-05, 0.989921, 0.3, 1, 0.14162096, -7.905476e-06, 8.936581e-05, 0.989921, 0.33333334, 1, 0.15572797, -9.382058e-06, 9.2931776e-05, 0.98780006, 0.36666667, 1, 0.15572797, -9.382058e-06, 9.2931776e-05, 0.98780006, 0.4, 1, 0.13266177, -8.289752e-07, 2.3445604e-07, 0.9911614, 0.43333334, 1, 0.13266176, -8.2897515e-07, 2.3445602e-07, 0.99116135, 0.46666667, 1, 0.16402245, -8.4280816e-07, 2.720895e-07, 0.9864567, 0.6, 1, 0.16352078, -9.52209e-06, 9.2233604e-05, 0.9865399, 0.6333333, 1, 0.09561428, -6.4903275e-06, 6.74418e-05, 0.9954185, 0.7, 1, 0.095614284, -6.490328e-06, 6.74418e-05, 0.99541855, 0.73333335, 1, 0.17302334, -9.650285e-06, 0.00010517622, 0.98491776, 0.76666665, 1, 0.17302334, -9.650285e-06, 0.00010517623, 0.9849178, 0.8, 1, 0.14628251, -8.633796e-06, 8.804682e-05, 0.98924285, 0.8333333, 1, 0.14628251, -8.633796e-06, 8.804682e-05, 0.98924285, 0.8666667, 1, 0.11963093, -8.3407224e-07, 1.8512137e-07, 0.99281853)
tracks/8/type = "rotation_3d"
tracks/8/imported = true
tracks/8/enabled = true
tracks/8/path = NodePath("Armature/Skeleton3D:Antenna1")
tracks/8/interp = 1
tracks/8/loop_wrap = true
tracks/8/keys = PackedFloat32Array(0, 1, -0.9997399, 8.2070575e-05, -0.00014498184, 0.022806173, 0.06666667, 1, -0.9997399, 8.2070575e-05, -0.00014498184, 0.022806173, 0.1, 1, -0.9986434, 0.000977485, 0.0003626862, 0.05206103, 0.13333334, 1, -0.9986434, 0.000977485, 0.0003626862, 0.05206103, 0.16666667, 1, -0.99820787, -1.0982213e-05, -4.2815595e-06, 0.059842136, 0.23333333, 1, -0.99820787, -1.0982213e-05, -4.2815595e-06, 0.059842136, 0.26666668, 1, -0.99963784, 0.0006171233, -0.0012694354, 0.026874863, 0.3, 1, -0.99963784, 0.0006171233, -0.0012694354, 0.026874863, 0.33333334, 1, -0.9972515, -0.0031953128, -0.0012173151, 0.0740122, 0.36666667, 1, -0.9972515, -0.0031953128, -0.0012173151, 0.0740122, 0.4, 1, -0.9956983, -0.0024968004, -0.00044190124, 0.092620954, 0.43333334, 1, -0.9956983, -0.0024968004, -0.00044190124, 0.092620954, 0.46666667, 1, -0.9997749, -0.0017478515, 0.0018048414, 0.021071205, 0.53333336, 1, -0.9997749, -0.0017478515, 0.0018048414, 0.021071205, 0.56666666, 1, -0.9998583, -0.0016603689, 0.0009950321, 0.016720623, 0.6, 1, -0.9998583, -0.0016603689, 0.0009950321, 0.016720623, 0.6333333, 1, -0.9999942, 0.0023691694, -0.0006593292, 0.0023549104, 0.7, 1, -0.9999942, 0.0023691694, -0.0006593292, 0.0023549104, 0.73333335, 1, 0.99968475, -0.008628154, 0.0013252214, 0.023542523, 0.76666665, 1, 0.9996848, -0.008628154, 0.0013252214, 0.023542525, 0.8, 1, 0.99913794, -0.0123063205, 0.0013348478, 0.039626077, 0.8333333, 1, 0.99913794, -0.0123063205, 0.0013348478, 0.039626077, 0.8666667, 1, -0.99974, 8.207058e-05, -0.00014498185, 0.022806175)
tracks/9/type = "rotation_3d"
tracks/9/imported = true
tracks/9/enabled = true
tracks/9/path = NodePath("Armature/Skeleton3D:Antenna2")
tracks/9/interp = 1
tracks/9/loop_wrap = true
tracks/9/keys = PackedFloat32Array(0, 1, -0.04658706, 9.286687e-05, 0.0015728686, 0.998913, 0.06666667, 1, -0.04658706, 9.286687e-05, 0.0015728686, 0.998913, 0.1, 1, -0.049752854, -0.00022853645, -0.0035827644, 0.99875516, 0.13333334, 1, -0.049752854, -0.00022853645, -0.0035827644, 0.99875516, 0.16666667, 1, -0.062047478, 2.5473564e-06, 3.8015325e-05, 0.9980732, 0.23333333, 1, -0.062047478, 2.5473564e-06, 3.8015325e-05, 0.9980732, 0.26666668, 1, -0.07755974, 0.00083077967, 0.0125448955, 0.9969084, 0.3, 1, -0.07755974, 0.0008307797, 0.012544896, 0.9969085, 0.33333334, 1, -0.087319866, 0.00077199773, 0.010513986, 0.99612457, 0.36666667, 1, -0.087319866, 0.0007719978, 0.010513986, 0.9961246, 0.4, 1, -0.054268204, 0.00027625362, 0.0038436686, 0.998519, 0.43333334, 1, -0.054268204, 0.00027625362, 0.0038436686, 0.998519, 0.46666667, 1, -0.0092546875, -0.0011493354, -0.020538233, 0.99974555, 0.53333336, 1, -0.0092546875, -0.0011493354, -0.020538233, 0.99974555, 0.56666666, 1, -0.020795723, -0.000636457, -0.011513866, 0.99971724, 0.6, 1, -0.020795723, -0.000636457, -0.011513866, 0.99971724, 0.6333333, 1, -0.045010954, 0.0004336414, 0.007654409, 0.99895716, 0.7, 1, -0.045010954, 0.0004336414, 0.007654409, 0.99895716, 0.73333335, 1, -0.063415155, 0.000927906, 0.015476399, 0.9978668, 0.76666665, 1, -0.063415155, 0.000927906, 0.015476399, 0.9978668, 0.8, 1, -0.061078247, 0.0009684647, 0.016363276, 0.99799836, 0.8333333, 1, -0.061078247, 0.0009684647, 0.016363276, 0.99799836, 0.8666667, 1, -0.04658706, 9.286687e-05, 0.0015728686, 0.998913)
tracks/10/type = "rotation_3d"
tracks/10/imported = true
tracks/10/enabled = true
tracks/10/path = NodePath("Armature/Skeleton3D:Antenna3")
tracks/10/interp = 1
tracks/10/loop_wrap = true
tracks/10/keys = PackedFloat32Array(0, 1, -0.12564462, 6.786388e-05, 0.0020128458, 0.9920733, 0.06666667, 1, -0.12564462, 6.786388e-05, 0.0020128458, 0.9920733, 0.1, 1, -0.15312584, -0.00017293598, -0.0052597173, 0.98819274, 0.13333334, 1, -0.15312584, -0.00017293598, -0.0052597173, 0.98819274, 0.16666667, 1, -0.17546669, 1.933519e-06, 5.6159846e-05, 0.9844854, 0.23333333, 1, -0.17546669, 1.933519e-06, 5.6159846e-05, 0.9844854, 0.26666668, 1, -0.171707, 0.00060492934, 0.016118547, 0.985016, 0.3, 1, -0.171707, 0.00060492934, 0.016118547, 0.985016, 0.33333334, 1, -0.22030185, 0.0005825734, 0.01566866, 0.97530574, 0.36666667, 1, -0.22030185, 0.0005825734, 0.01566866, 0.97530574, 0.4, 1, -0.19279976, 0.00021729161, 0.0065552294, 0.98121625, 0.43333334, 1, -0.19279976, 0.00021729161, 0.0065552294, 0.98121625, 0.46666667, 1, -0.073981866, -0.0008395299, -0.025963763, 0.9969212, 0.53333336, 1, -0.073981866, -0.00083952997, -0.025963765, 0.99692124, 0.56666666, 1, -0.08567299, -0.00046160084, -0.014167198, 0.9962225, 0.6, 1, -0.08567299, -0.00046160084, -0.014167198, 0.9962225, 0.6333333, 1, -0.108040616, 0.00030830075, 0.008749304, 0.99410796, 0.7, 1, -0.10804062, 0.00030830075, 0.008749304, 0.994108, 0.73333335, 1, -0.116764635, 0.00064231444, 0.01583464, 0.9930332, 0.76666665, 1, -0.116764635, 0.00064231444, 0.01583464, 0.9930332, 0.8, 1, -0.10302763, 0.0006580247, 0.015260505, 0.9945612, 0.8333333, 1, -0.10302763, 0.0006580247, 0.015260505, 0.9945612, 0.8666667, 1, -0.12564462, 6.786388e-05, 0.0020128458, 0.9920733)
tracks/11/type = "rotation_3d"
tracks/11/imported = true
tracks/11/enabled = true
tracks/11/path = NodePath("Armature/Skeleton3D:Antenna4")
tracks/11/interp = 1
tracks/11/loop_wrap = true
tracks/11/keys = PackedFloat32Array(0, 1, -0.105526455, 2.022029e-05, 0.0013809591, 0.9944155, 0.06666667, 1, -0.105526455, 2.022029e-05, 0.0013809591, 0.9944155, 0.1, 1, -0.1324865, -5.4957025e-05, -0.0037933069, 0.99117756, 0.13333334, 1, -0.1324865, -5.4957025e-05, -0.0037933069, 0.99117756, 0.16666667, 1, -0.15014163, 6.2399124e-07, 4.0570383e-05, 0.9886645, 0.23333333, 1, -0.15014163, 6.2399124e-07, 4.0570383e-05, 0.9886645, 0.26666668, 1, -0.13978128, 0.00018149988, 0.011092372, 0.9901203, 0.3, 1, -0.13978128, 0.00018149988, 0.011092372, 0.9901203, 0.33333334, 1, -0.18548732, 0.0001874401, 0.011383084, 0.9825807, 0.36666667, 1, -0.18548732, 0.0001874401, 0.011383084, 0.9825807, 0.4, 1, -0.17189482, 7.381817e-05, 0.00496628, 0.9851028, 0.43333334, 1, -0.17189482, 7.381817e-05, 0.00496628, 0.9851028, 0.46666667, 1, -0.068570055, -0.0002483522, -0.017730417, 0.99748874, 0.53333336, 1, -0.068570055, -0.0002483522, -0.017730417, 0.99748874, 0.56666666, 1, -0.07552252, -0.00013487847, -0.009571425, 0.99709815, 0.6, 1, -0.07552252, -0.00013487847, -0.009571425, 0.99709815, 0.6333333, 1, -0.08827322, 8.7236745e-05, 0.0057387673, 0.99607974, 0.7, 1, -0.08827322, 8.7236745e-05, 0.0057387673, 0.99607974, 0.73333335, 1, -0.09012312, 0.0001735213, 0.009906799, 0.9958814, 0.76666665, 1, -0.09012312, 0.0001735213, 0.009906799, 0.9958814, 0.8, 1, -0.07744642, 0.00017084317, 0.009133179, 0.9969547, 0.8333333, 1, -0.07744642, 0.00017084317, 0.009133179, 0.9969547, 0.8666667, 1, -0.10552647, 2.0220292e-05, 0.0013809592, 0.99441564)
tracks/12/type = "rotation_3d"
tracks/12/imported = true
tracks/12/enabled = true
tracks/12/path = NodePath("Armature/Skeleton3D:R.Forearm1")
tracks/12/interp = 1
tracks/12/loop_wrap = true
tracks/12/keys = PackedFloat32Array(0, 1, 0.8587637, -0.18251978, 0.2162163, 0.42715576, 0.06666667, 1, 0.8587637, -0.18251978, 0.2162163, 0.42715576, 0.1, 1, 0.8358009, -0.19470157, 0.20545453, 0.47044304, 0.13333334, 1, 0.8358008, -0.19470155, 0.20545451, 0.470443, 0.16666667, 1, 0.8228911, -0.33388996, 0.17998002, 0.42305428, 0.23333333, 1, 0.8228912, -0.33388996, 0.17998002, 0.4230543, 0.26666668, 1, 0.82309026, -0.38382256, 0.1729115, 0.38118815, 0.3, 1, 0.82309026, -0.38382256, 0.1729115, 0.38118815, 0.33333334, 1, 0.7981024, -0.44946355, 0.119651824, 0.38301256, 0.36666667, 1, 0.7981024, -0.44946355, 0.119651824, 0.38301256, 0.4, 1, 0.7923727, -0.38130754, -0.12700336, 0.45893383, 0.43333334, 1, 0.7923727, -0.38130754, -0.12700336, 0.45893383, 0.46666667, 1, 0.7946892, -0.40889788, -0.109621726, 0.43503416, 0.53333336, 1, 0.7946892, -0.40889788, -0.109621726, 0.43503416, 0.56666666, 1, 0.78460515, -0.35140038, -0.19186935, 0.47339073, 0.6, 1, 0.78460515, -0.35140038, -0.19186935, 0.47339073, 0.6333333, 1, 0.71182877, -0.26578867, -0.22226712, 0.61094475, 0.7, 1, 0.71182877, -0.26578867, -0.22226712, 0.61094475, 0.73333335, 1, 0.75248766, -0.34868696, -0.03335411, 0.5577341, 0.76666665, 1, 0.75248766, -0.34868696, -0.03335411, 0.5577341, 0.8, 1, 0.8065358, -0.28157812, 0.14206837, 0.5000304, 0.8333333, 1, 0.8065358, -0.28157812, 0.14206837, 0.5000304, 0.8666667, 1, 0.8587637, -0.18251978, 0.2162163, 0.42715576)
tracks/13/type = "rotation_3d"
tracks/13/imported = true
tracks/13/enabled = true
tracks/13/path = NodePath("Armature/Skeleton3D:R.Forearm2")
tracks/13/interp = 1
tracks/13/loop_wrap = true
tracks/13/keys = PackedFloat32Array(0, 1, 0.20881195, 0.20685765, 0.18489665, 0.93777436, 0.06666667, 1, 0.20881195, 0.20685765, 0.18489665, 0.93777436, 0.1, 1, 0.23510285, 0.2051991, 0.20129642, 0.92849326, 0.13333334, 1, 0.23510286, 0.20519911, 0.20129643, 0.9284933, 0.16666667, 1, 0.21317549, 0.11609672, 0.26975852, 0.9318305, 0.23333333, 1, 0.21317549, 0.11609672, 0.26975852, 0.9318305, 0.26666668, 1, 0.1499282, 0.09550398, 0.26868245, 0.9466838, 0.3, 1, 0.1499282, 0.09550398, 0.26868245, 0.9466838, 0.33333334, 1, 0.123964384, 0.04777397, 0.3245724, 0.9364845, 0.36666667, 1, 0.123964384, 0.04777397, 0.3245724, 0.9364845, 0.4, 1, 0.19670026, -0.099522315, 0.47129187, 0.8539838, 0.43333334, 1, 0.19670026, -0.099522315, 0.47129187, 0.8539838, 0.46666667, 1, 0.2099519, -0.11342427, 0.48021808, 0.844065, 0.53333336, 1, 0.20995192, -0.11342428, 0.4802181, 0.84406507, 0.56666666, 1, 0.1884915, -0.13131216, 0.46722743, 0.853772, 0.6, 1, 0.1884915, -0.13131216, 0.46722743, 0.853772, 0.6333333, 1, 0.16285199, -0.048817158, 0.41525835, 0.8936759, 0.7, 1, 0.16285199, -0.048817158, 0.41525835, 0.8936759, 0.73333335, 1, 0.18551683, 0.024728114, 0.37373966, 0.90845513, 0.76666665, 1, 0.18551683, 0.024728114, 0.37373966, 0.90845513, 0.8, 1, 0.18463035, 0.14536655, 0.22991861, 0.9444139, 0.8333333, 1, 0.18463035, 0.14536655, 0.22991863, 0.94441396, 0.8666667, 1, 0.20881195, 0.20685765, 0.18489665, 0.93777436)
tracks/14/type = "rotation_3d"
tracks/14/imported = true
tracks/14/enabled = true
tracks/14/path = NodePath("Armature/Skeleton3D:R.Forearm3")
tracks/14/interp = 1
tracks/14/loop_wrap = true
tracks/14/keys = PackedFloat32Array(0, 1, 0.3364177, 0.03644464, -0.06723758, 0.9386022, 0.06666667, 1, 0.3364177, 0.03644464, -0.06723758, 0.9386022, 0.1, 1, 0.4189086, 0.03368067, -0.06520085, 0.905058, 0.13333334, 1, 0.4189086, 0.03368067, -0.06520085, 0.905058, 0.16666667, 1, 0.40166292, 0.004222874, -0.00841188, 0.91573924, 0.23333333, 1, 0.40166292, 0.004222874, -0.00841188, 0.91573924, 0.26666668, 1, 0.28971082, 0.0039477856, -0.012495991, 0.9570245, 0.3, 1, 0.28971082, 0.0039477856, -0.012495991, 0.9570245, 0.33333334, 1, 0.287562, -0.0054733106, 0.03323818, 0.95716953, 0.36666667, 1, 0.287562, -0.0054733106, 0.03323818, 0.95716953, 0.4, 1, 0.5859815, -0.031537786, 0.34505332, 0.73250896, 0.43333334, 1, 0.5859815, -0.031537786, 0.34505332, 0.73250896, 0.46666667, 1, 0.5748575, -0.04158458, 0.34967694, 0.7386039, 0.53333336, 1, 0.5748575, -0.04158458, 0.34967694, 0.7386039, 0.56666666, 1, 0.6173091, -0.036915906, 0.3908634, 0.6817569, 0.6, 1, 0.6173091, -0.036915906, 0.3908634, 0.6817569, 0.6333333, 1, 0.70150715, -0.0050014053, 0.30317685, 0.6449392, 0.7, 1, 0.70150715, -0.0050014053, 0.30317685, 0.6449392, 0.73333335, 1, 0.5740436, -0.010780527, 0.13391402, 0.8077282, 0.76666665, 1, 0.5740436, -0.010780527, 0.13391402, 0.8077282, 0.8, 1, 0.41466194, 0.015399103, -0.04641106, 0.90866077, 0.8333333, 1, 0.41466194, 0.015399103, -0.04641106, 0.90866077, 0.8666667, 1, 0.3364177, 0.03644464, -0.06723758, 0.9386022)
tracks/15/type = "rotation_3d"
tracks/15/imported = true
tracks/15/enabled = true
tracks/15/path = NodePath("Armature/Skeleton3D:R.Wing4")
tracks/15/interp = 1
tracks/15/loop_wrap = true
tracks/15/keys = PackedFloat32Array(0, 1, -0.23751037, -0.0050070416, -0.03491144, 0.97074455, 0.06666667, 1, -0.23751037, -0.0050070416, -0.03491144, 0.97074455, 0.1, 1, -0.2545533, -0.005659764, -0.039514124, 0.96623456, 0.13333334, 1, -0.2545533, -0.005659764, -0.039514124, 0.9662346, 0.16666667, 1, -0.26366737, -0.00047580764, -0.024158316, 0.964311, 0.23333333, 1, -0.26366737, -0.00047580764, -0.024158316, 0.964311, 0.26666668, 1, -0.24959236, -0.00015386059, -0.021967852, 0.9681018, 0.3, 1, -0.24959236, -0.00015386059, -0.021967852, 0.9681018, 0.33333334, 1, -0.26987362, 0.0033880717, -0.009441856, 0.96284354, 0.36666667, 1, -0.26987362, 0.003388072, -0.009441856, 0.9628436, 0.4, 1, -0.3769869, 0.040018585, 0.11490531, 0.9181918, 0.43333334, 1, -0.37698692, 0.040018585, 0.11490532, 0.91819185, 0.46666667, 1, -0.36716378, 0.039844412, 0.11427478, 0.9222497, 0.53333336, 1, -0.36716378, 0.039844412, 0.114274785, 0.92224973, 0.56666666, 1, -0.40007618, 0.048548304, 0.13990383, 0.9044385, 0.6, 1, -0.40007618, 0.048548304, 0.13990383, 0.9044385, 0.6333333, 1, -0.42730188, 0.04073137, 0.10596126, 0.89695394, 0.7, 1, -0.42730188, 0.04073137, 0.10596126, 0.89695394, 0.73333335, 1, -0.36134693, 0.0139824515, 0.02181091, 0.93207145, 0.76666665, 1, -0.36134693, 0.0139824515, 0.02181091, 0.93207145, 0.8, 1, -0.27786258, -0.0041191704, -0.037099067, 0.9598954, 0.8333333, 1, -0.27786258, -0.0041191704, -0.037099067, 0.9598954, 0.8666667, 1, -0.23751037, -0.0050070416, -0.03491144, 0.97074455)
tracks/16/type = "rotation_3d"
tracks/16/imported = true
tracks/16/enabled = true
tracks/16/path = NodePath("Armature/Skeleton3D:R.Middle1")
tracks/16/interp = 1
tracks/16/loop_wrap = true
tracks/16/keys = PackedFloat32Array(0, 1, -0.3564407, -0.33449358, -0.30877593, 0.8159176, 0.06666667, 1, -0.3564407, -0.33449358, -0.30877593, 0.8159176, 0.1, 1, -0.36770597, -0.41689742, -0.34247148, 0.7574313, 0.13333334, 1, -0.36770597, -0.41689742, -0.34247148, 0.7574313, 0.16666667, 1, -0.3991668, -0.32044542, -0.09392561, 0.8539078, 0.23333333, 1, -0.3991668, -0.32044542, -0.09392561, 0.8539078, 0.26666668, 1, -0.43170902, -0.123443805, 0.023488471, 0.8932174, 0.3, 1, -0.43170902, -0.123443805, 0.023488471, 0.8932174, 0.33333334, 1, -0.3724914, -0.22696553, -0.08072501, 0.89622563, 0.36666667, 1, -0.3724914, -0.22696553, -0.08072501, 0.89622563, 0.4, 1, -0.44184548, -0.21991119, -0.09833081, 0.8641428, 0.43333334, 1, -0.44184548, -0.21991119, -0.09833081, 0.8641428, 0.46666667, 1, -0.35619915, 0.03323539, 0.00015178767, 0.9338188, 0.53333336, 1, -0.35619915, 0.03323539, 0.00015178767, 0.9338188, 0.56666666, 1, -0.35229778, 0.16856186, 0.088455245, 0.91632354, 0.6, 1, -0.35229778, 0.16856186, 0.088455245, 0.9163236, 0.6333333, 1, -0.36989167, 0.2904546, 0.15103686, 0.869485, 0.7, 1, -0.36989167, 0.2904546, 0.15103686, 0.8694851, 0.73333335, 1, -0.38567686, 0.28765374, 0.15630549, 0.8625992, 0.76666665, 1, -0.3856769, 0.28765374, 0.15630549, 0.86259925, 0.8, 1, -0.4197694, -0.30600783, -0.0045311823, 0.8544778, 0.8333333, 1, -0.4197694, -0.30600783, -0.0045311823, 0.8544778, 0.8666667, 1, -0.3564407, -0.33449358, -0.30877593, 0.8159176)
tracks/17/type = "rotation_3d"
tracks/17/imported = true
tracks/17/enabled = true
tracks/17/path = NodePath("Armature/Skeleton3D:R.Index1")
tracks/17/interp = 0
tracks/17/loop_wrap = true
tracks/17/keys = PackedFloat32Array(0, 1, 0.21149272, 0.0008780771, 0.01148795, 0.9773117, 0.06666667, 1, 0.21149272, 0.0008780771, 0.01148795, 0.9773117, 0.1, 1, 0.2423769, -0.009378249, 0.024323555, 0.9698319, 0.13333334, 1, 0.2423769, -0.009378249, 0.024323555, 0.9698319, 0.16666667, 1, 0.2584537, -0.019259881, 0.030693939, 0.96534383, 0.23333333, 1, 0.2584537, -0.019259881, 0.030693939, 0.96534383, 0.26666668, 1, 0.24514179, -0.017564585, 0.015304441, 0.96920735, 0.3, 1, 0.24514179, -0.017564585, 0.015304441, 0.96920735, 0.33333334, 1, 0.21149272, 0.0008780897, 0.011487944, 0.9773117, 0.43333334, 1, 0.21149276, 0.000878068, 0.011487922, 0.9773117, 0.46666667, 1, 0.20351772, 0.019258836, 0.08904529, 0.97482336, 0.8333333, 1, 0.20351774, 0.019258829, 0.089045286, 0.9748235, 0.8666667, 1, 0.21149272, 0.0008780771, 0.01148795, 0.9773117)
tracks/18/type = "rotation_3d"
tracks/18/imported = true
tracks/18/enabled = true
tracks/18/path = NodePath("Armature/Skeleton3D:R.Index2")
tracks/18/interp = 1
tracks/18/loop_wrap = true
